1457
1457
1459
1459
1459
1458
1461
1464
1462
1456
1461
1461
1460
1458
1460
1463
1458
1457
1460
1461
1461
1459
1461
1465
1461
1457
1461
1459
1461
1461
1460
1465
1461
1457
1457
1460
1459
1458
1460
1461
1460
1457
1460
1461
1459
1456
1460
1462
1462
1457
1459
1462
1460
1458
1460
1462
1462
1458
1459
1458
1460
1459
1462
1463
1461
1459
1461
1459
1461
1459
1462
1463
1463
1458
1458
1463
1461
1460
1462
1463
1462
1459
1462
1463
1462
1459
1462
1463
1462
1459
1460
1462
1460
1458
1460
1464
1461
1458
1460
1461
1460
1460
1459
1461
1460
1459
1459
1461
1460
1457
1457
1463
1462
1457
1456
1461
1459
1459
1459
1463
1461
1455
1456
1461
1460
1457
1461
1464
1462
1459
1457
1460
1459
1458
1461
1465
1463
1460
1459
1462
1460
1458
1462
1464
1462
1459
1461
1461
1460
1458
1461
1463
1461
1457
1460
1460
1461
1458
1459
1462
1462
1457
1460
1462
1461
1459
1461
1463
1462
1459
1460
1463
1461
1458
1461
1464
1461
1457
1456
1461
1460
1459
1460
1465
1461
1457
1459
1462
1461
1457
1461
1463
1464
1460
1462
1463
1461
1459
1460
1464
1459
1457
1459
1460
1460
1458
1461
1460
1462
1459
1461
1464
1461
1461
1462
1462
1463
1460
1462
1463
1460
1459
1461
1464
1463
1460
1460
1461
1461
1457
1460
1464
1462
1459
1460
1462
1461
1459
1457
1464
1460
1459
1457
1460
1460
1457
1461
1464
1461
1460
1461
1463
1461
1459
1460
1466
1462
1458
1459
1464
1460
1459
1457
1463
1462
1459
1460
1461
1460
1455
1461
1463
1462
1458
1460
1462
1459
1460
1462
1463
1463
1461
1460
1463
1462
1458
1460
1463
1462
1459
1459
1462
1459
1457
1459
1464
1463
1459
1459
1462
1462
1457
1461
1466
1463
1459
1457
1461
1463
1459
1461
1464
1462
1455
1460
1460
1462
1457
1460
1463
1459
1459
1459
1461
1460
1457
1460
1463
1462
1458
1458
1462
1461
1457
1459
1463
1464
1459
1460
1462
1459
1459
1456
1462
1463
1459
1459
1463
1462
1459
1460
1463
1463
1458
1460
1460
1459
1458
1460
1462
1462
1458
1459
1462
1463
1460
1461
1465
1463
1458
1459
1462
1460
1460
1461
1464
1463
1460
1459
1461
1461
1460
1460
1464
1461
1459
1459
1462
1460
1458
1460
1463
1461
1458
1455
1458
1460
1459
1459
1463
1461
1457
1457
1461
1463
1458
1461
1463
1462
1458
1458
1462
1461
1458
1460
1462
1462
1456
1459
1458
1460
1459
1461
1463
1463
1459
1460
1462
1462
1460
1460
1465
1463
1461
1457
1462
1462
1459
1458
1465
1461
1459
1455
1460
1461
1459
1459
1463
1464
1460
1461
1463
1461
1458
1459
1463
1463
1458
1460
1460
1461
1457
1459
1463
1462
1459
1458
1458
1462
1460
1462
1465
1465
1460
1461
1462
1460
1458
1458
1460
1462
1456
1459
1461
1461
1459
1460
1464
1462
1459
1459
1463
1461
1458
1459
1462
1462
1457
1460
1460
1461
1459
1460
1464
1464
1459
1460
1461
1459
1460
1460
1464
1464
1459
1459
1461
1461
1461
1459
1463
1462
1458
1458
1460
1462
1458
1460
1463
1462
1461
1457
1459
1462
1459
1455
1464
1463
1460
1460
1462
1463
1460
1457
1465
1464
1459
1458
1463
1461
1460
1460
1464
1463
1457
1461
1462
1461
1460
1461
1464
1461
1458
1459
1461
1464
1461
1462
1464
1465
1460
1462
1462
1463
1460
1460
1465
1463
1459
1459
1464
1462
1459
1460
1464
1464
1458
1458
1461
1460
1459
1459
1462
1463
1458
1455
1460
1461
1458
1459
1464
1463
1459
1459
1462
1459
1460
1460
1461
1463
1461
1460
1461
1462
1460
1459
1463
1463
1461
1460
1461
1463
1460
1458
1464
1464
1459
1458
1460
1461
1458
1459
1464
1461
1459
1458
1459
1461
1458
1461
1464
1463
1459
1457
1461
1462
1454
1459
1463
1463
1457
1459
1461
1462
1460
1461
1464
1463
1460
1459
1460
1461
1457
1459
1462
1464
1460
1459
1460
1462
1460
1460
1464
1463
1458
1460
1460
1461
1461
1460
1463
1461
1459
1458
1462
1463
1459
1461
1465
1464
1460
1460
1461
1461
1460
1457
1463
1463
1460
1459
1462
1460
1459
1460
1467
1462
1460
1458
1461
1460
1458
1458
1463
1462
1460
1459
1461
1463
1459
1459
1464
1464
1460
1459
1463
1463
1459
1462
1465
1464
1461
1459
1462
1461
1460
1460
1464
1463
1459
1458
1460
1461
1458
1457
1464
1462
1460
1459
1462
1462
1459
1459
1463
1464
1459
1457
1460
1461
1458
1459
1462
1463
1460
1456
1460
1462
1457
1459
1464
1463
1459
1460
1463
1462
1457
1458
1464
1463
1459
1459
1462
1462
1458
1459
1464
1463
1459
1458
1460
1460
1458
1459
1463
1462
1462
1460
1462
1464
1460
1460
1464
1463
1459
1457
1461
1461
1459
1460
1461
1462
1460
1459
1461
1462
1459
1460
1466
1462
1462
1459
1460
1462
1459
1459
1463
1464
1460
1459
1460
1462
1460
1459
1465
1464
1461
1459
1461
1461
1459
1458
1464
1462
1459
1458
1460
1458
1459
1461
1463
1464
1458
1459
1462
1459
1459
1459
1463
1462
1459
1457
1459
1462
1460
1458
1464
1462
1459
1459
1462
1461
1460
1460
1463
1465
1461
1459
1461
1462
1458
1459
1464
1462
1460
1459
1460
1461
1458
1459
1463
1464
1460
1460
1461
1461
1460
1458
1463
1463
1460
1456
1461
1463
1459
1455
1462
1463
1460
1457
1459
1461
1458
1459
1463
1464
1459
1459
1461
1463
1461
1461
1465
1465
1460
1458
1461
1463
1459
1459
1464
1463
1459
1458
1460
1458
1459
1459
1463
1464
1460
1459
1460
1465
1459
1460
1463
1461
1461
1458
1459
1461
1459
1458
1462
1462
1459
1458
1463
1464
1460
1459
1464
1464
1460
1460
1463
1463
1460
1460
1464
1464
1461
1459
1461
1460
1459
1458
1461
1464
1460
1457
1460
1461
1459
1459
1462
1464
1461
1459
1461
1462
1460
1459
1463
1465
1460
1459
1458
1462
1456
1458
1464
1461
1460
1458
1461
1462
1460
1458
1462
1461
1460
1459
1461
1461
1459
1460
1465
1465
1461
1460
1461
1463
1461
1460
1462
1463
1460
1458
1460
1462
1459
1457
1463
1462
1461
1458
1459
1460
1459
1459
1464
1463
1459
1458
1460
1462
1460
1458
1465
1466
1461
1460
1462
1462
1461
1458
1463
1464
1459
1460
1460
1461
1459
1461
1462
1464
1460
1459
1462
1462
1461
1462
1464
1465
1459
1460
1460
1461
1459
1458
1461
1463
1461
1458
1460
1461
1457
1458
1462
1464
1460
1458
1458
1461
1459
1458
1462
1464
1460
1459
1462
1462
1460
1459
1464
1462
1460
1455
1460
1461
1460
1462
1464
1464
1460
1459
1459
1463
1461
1459
1463
1464
1459
1456
1458
1458
1456
1454
1457
1459
1453
1451
1452
1453
1451
1448
1452
1451
1450
1445
1447
1446
1448
1446
1448
1448
1443
1441
1443
1444
1441
1439
1441
1441
1437
1434
1436
1438
1434
1432
1435
1436
1431
1430
1431
1428
1428
1426
1428
1429
1424
1423
1425
1423
1423
1419
1422
1422
1417
1415
1417
1415
1412
1412
1414
1417
1412
1408
1409
1407
1406
1403
1405
1405
1401
1397
1398
1399
1395
1393
1397
1395
1394
1385
1388
1387
1385
1383
1383
1385
1379
1374
1376
1373
1373
1367
1373
1371
1367
1360
1361
1362
1356
1355
1354
1356
1350
1342
1345
1342
1339
1336
1339
1341
1332
1321
1321
1321
1316
1309
1314
1317
1308
1296
1299
1294
1289
1282
1286
1290
1275
1260
1261
1262
1256
1249
1257
1261
1248
1230
1234
1230
1224
1214
1222
1229
1210
1196
1199
1193
1189
1177
1185
1191
1175
1155
1154
1151
1143
1136
1140
1149
1129
1110
1112
1106
1103
1092
1098
1102
1083
1066
1064
1060
1057
1046
1048
1058
1039
1020
1021
1016
1013
1003
1006
1016
993
976
976
970
968
954
962
970
951
930
933
927
921
914
917
922
905
887
886
879
875
867
869
875
862
841
836
832
827
818
821
825
808
787
787
776
775
767
766
770
755
732
726
719
709
703
705
706
689
674
668
661
659
654
654
658
641
625
622
616
615
608
609
616
601
589
584
579
576
574
577
580
565
552
549
543
544
539
541
548
538
523
520
515
513
512
517
520
508
493
490
487
483
483
486
492
480
470
466
454
458
453
457
460
448
442
433
433
434
434
438
446
434
424
419
414
411
415
416
422
410
401
396
393
392
393
394
401
389
379
377
373
371
373
373
379
369
361
358
352
352
354
353
361
348
343
336
331
332
334
337
344
331
324
325
317
318
318
322
331
317
309
301
294
291
298
301
312
297
291
286
281
282
284
287
294
284
276
271
264
269
270
272
276
266
259
256
249
250
250
251
259
250
241
246
240
242
244
247
252
244
236
227
219
221
222
226
234
226
218
221
216
219
220
221
227
220
209
205
198
200
201
206
211
203
195
191
181
188
189
193
201
194
188
180
173
177
180
183
190
184
177
174
166
168
173
174
180
172
166
164
160
160
164
165
169
162
157
155
149
153
154
158
168
158
155
149
142
146
148
153
160
154
143
139
133
136
138
142
149
141
137
133
127
131
132
134
140
134
128
123
119
125
127
129
134
130
124
121
115
116
123
125
133
126
120
118
113
119
121
124
130
126
122
120
113
118
123
126
131
127
124
118
114
119
121
126
132
127
120
118
112
118
122
125
129
127
122
119
112
120
122
126
131
126
123
119
115
118
124
125
132
128
121
119
113
120
122
124
133
125
118
117
113
119
120
127
133
128
123
120
115
120
122
125
131
129
122
119
114
119
121
124
133
128
123
120
115
117
119
125
134
128
121
118
113
118
121
126
132
124
117
119
116
118
120
125
132
128
120
119
114
119
123
125
132
127
123
120
114
116
121
124
132
128
121
119
113
118
120
126
134
128
122
119
116
119
122
127
135
128
123
120
115
118
122
125
131
128
121
120
115
118
122
123
134
128
122
120
111
118
120
123
132
124
124
119
113
118
121
124
132
128
122
119
112
119
120
125
132
128
120
118
113
116
120
124
132
128
121
120
112
115
121
126
134
128
121
120
114
118
120
123
132
126
124
119
112
119
120
126
132
128
122
119
113
118
120
126
134
128
123
120
112
115
121
122
132
130
120
119
113
119
121
125
132
128
122
118
110
117
120
125
135
129
122
117
114
117
122
126
133
127
121
119
113
117
119
124
133
130
123
119
112
116
119
124
133
130
121
119
112
116
121
124
133
130
124
117
113
117
121
125
133
128
119
120
113
116
123
124
134
130
123
118
114
116
119
126
135
128
122
117
112
118
120
125
133
129
124
119
112
119
121
126
134
127
123
119
110
115
123
123
134
129
123
118
114
113
121
126
134
129
123
120
112
116
121
123
134
128
122
119
113
116
122
124
130
128
122
119
113
114
120
123
134
130
124
118
113
118
120
125
132
128
124
120
113
113
120
124
133
129
123
120
112
115
120
125
132
129
121
119
113
116
121
124
130
128
122
119
112
115
122
126
133
128
123
118
111
114
120
126
134
130
124
118
114
117
121
124
135
130
123
119
113
115
121
124
134
127
122
118
113
115
121
125
130
128
123
119
111
115
123
123
135
129
123
119
111
115
120
125
135
131
123
118
111
115
120
124
136
130
124
118
112
115
120
124
135
129
123
119
111
116
121
124
134
130
124
118
112
114
123
125
135
129
122
118
113
115
120
125
134
130
122
116
111
115
120
106
57
34
22
15
8
7
11
16
24
21
16
12
6
6
9
16
22
20
14
11
7
5
9
16
22
22
15
12
7
5
9
14
23
22
15
11
6
4
8
14
23
22
15
12
7
4
9
15
24
21
14
11
6
5
8
15
23
20
16
11
6
4
9
15
23
20
14
11
6
4
8
15
23
22
15
12
6
5
9
15
22
22
13
11
7
5
9
15
22
20
15
11
5
5
8
14
22
22
14
11
7
4
8
15
22
21
15
11
6
4
8
15
22
21
15
11
6
5
8
15
22
23
15
12
6
5
7
15
23
22
15
12
6
5
9
15
21
22
15
12
7
5
8
16
21
22
15
11
6
6
10
14
22
21
14
11
6
5
9
14
22
20
16
11
7
6
9
14
21
22
15
11
7
5
8
14
21
22
15
11
8
5
8
14
22
21
15
12
8
4
7
14
21
21
16
12
7
6
8
14
21
22
15
11
8
4
8
13
20
22
16
11
7
5
8
14
20
23
16
11
7
5
8
14
20
22
15
12
7
5
8
13
20
20
16
12
8
6
8
13
22
21
16
10
8
5
9
14
21
22
15
11
8
6
8
14
20
21
15
10
8
5
8
14
20
21
16
12
7
4
8
14
20
22
17
12
8
5
7
15
21
21
16
11
8
5
8
14
20
21
16
11
8
6
7
14
20
21
17
12
8
6
8
13
20
23
16
11
7
5
9
13
19
23
15
11
9
4
8
13
20
21
16
11
8
4
8
14
19
22
16
12
8
6
8
13
19
22
16
10
8
4
7
15
19
21
16
12
8
6
8
14
20
22
16
11
8
4
8
14
19
22
15
12
8
5
8
14
18
23
15
11
8
5
8
14
19
22
16
12
8
5
8
13
20
21
16
11
8
4
7
12
18
22
17
11
8
5
8
12
19
23
16
12
8
5
8
14
18
22
16
11
9
4
6
14
19
22
16
11
8
5
8
14
17
22
16
11
8
4
6
14
17
23
16
12
8
4
7
13
19
22
16
9
8
4
8
14
17
23
16
12
8
5
8
13
17
23
16
11
8
5
7
14
17
24
16
12
9
5
7
14
19
22
16
12
8
5
6
13
17
23
15
11
9
5
7
14
17
24
16
12
9
5
7
14
17
23
16
12
9
4
7
13
16
22
16
13
8
4
6
14
16
23
16
12
10
5
6
14
17
23
16
12
10
4
7
14
16
24
17
12
10
6
6
13
16
24
16
12
8
5
7
12
16
23
16
12
9
4
7
13
17
24
16
12
9
5
7
13
16
23
16
12
8
5
7
15
16
24
16
14
9
5
7
13
17
23
17
12
9
4
7
13
16
24
16
12
10
4
7
14
17
23
17
12
8
5
6
13
17
23
17
12
10
5
6
12
16
24
17
13
9
6
6
14
16
24
16
13
9
5
5
12
17
24
15
12
10
5
6
13
16
24
16
13
9
6
6
12
17
23
18
12
10
5
5
12
16
23
16
13
10
6
7
12
17
23
17
12
10
6
6
12
16
23
16
13
10
6
6
12
15
24
17
13
9
5
5
13
17
22
17
12
10
5
6
13
16
24
18
12
9
6
7
12
17
23
17
13
10
5
7
12
17
23
17
12
10
4
7
11
17
22
17
12
9
6
6
12
16
22
17
13
11
6
6
12
16
23
17
14
10
6
7
11
16
24
17
12
9
5
7
12
16
22
17
13
10
5
6
11
16
22
18
13
11
4
5
12
16
23
18
14
10
4
7
12
16
22
17
12
11
5
6
11
15
22
18
13
11
5
6
12
17
23
18
12
10
6
6
12
16
21
17
12
10
6
6
12
16
23
16
13
9
6
5
11
15
22
17
14
10
5
6
11
16
22
17
13
9
5
5
12
16
24
17
13
10
5
6
12
16
22
18
14
9
5
5
11
17
23
18
13
11
4
6
12
16
22
17
13
10
5
5
11
16
23
18
12
10
5
6
12
16
23
18
13
9
5
4
11
16
23
18
13
10
6
6
10
14
23
18
12
10
6
7
11
16
22
17
13
9
5
6
11
16
22
17
13
11
6
6
10
16
22
18
14
10
4
6
11
15
23
18
14
11
6
5
12
16
22
17
13
10
6
6
11
16
23
18
14
11
5
6
12
17
23
18
14
10
6
7
12
15
22
17
13
10
6
5
12
14
22
19
14
10
6
6
11
16
23
19
13
9
4
5
12
16
23
17
14
11
6
6
12
16
22
17
13
10
6
5
11
15
22
17
14
9
6
6
11
16
23
18
14
10
6
6
12
16
24
18
14
10
6
6
12
16
24
18
15
10
5
7
11
15
22
19
14
10
5
6
11
16
24
18
14
10
6
5
11
16
23
18
14
10
5
6
12
14
23
17
14
9
5
6
11
16
22
18
14
10
5
5
10
16
24
18
14
10
6
6
11
16
23
18
14
11
5
6
10
16
23
19
15
10
6
4
11
16
23
19
14
10
5
5
10
14
23
18
14
10
6
6
9
16
22
18
13
11
6
5
10
15
23
19
14
11
6
5
10
16
24
17
14
9
6
6
9
15
24
18
14
10
6
6
10
16
23
18
14
10
5
5
10
16
22
19
15
10
5
6
10
15
23
20
14
11
6
5
11
15
23
20
15
10
5
4
11
15
23
20
14
11
5
5
10
15
22
18
14
11
6
5
9
15
22
18
13
10
5
6
10
16
23
19
12
11
6
5
11
15
23
19
15
11
6
6
10
15
24
19
13
10
6
5
10
16
22
20
13
10
5
6
9
16
23
20
13
11
4
5
9
16
22
20
13
11
5
5
9
16
23
20
14
11
5
6
10
16
22
20
13
12
5
5
10
15
23
19
14
11
7
5
9
16
23
19
15
11
6
6
9
16
22
20
14
11
6
5
9
16
22
20
14
12
5
4
9
15
23
21
14
10
6
5
10
16
23
20
15
11
6
6
10
16
23
20
14
10
6
5
9
15
23
21
13
12
5
5
10
16
23
20
16
10
7
4
10
15
22
20
16
11
5
6
10
16
22
21
14
11
6
6
10
16
23
20
15
11
7
5
9
16
24
21
16
11
7
6
10
15
23
21
14
11
6
6
9
15
23
20
15
12
5
5
9
15
22
20
15
10
6
5
9
16
22
21
15
11
5
6
10
16
23
22
14
10
7
7
9
15
23
21
16
11
6
6
9
16
23
21
16
11
6
5
10
15
24
21
14
12
7
5
10
15
23
21
15
11
6
5
11
15
23
21
15
10
6
5
10
15
24
21
16
12
6
5
10
15
24
21
15
11
7
6
10
16
24
21
16
10
7
5
8
15
24
21
14
11
7
6
10
16
24
22
16
11
7
4
10
16
24
20
15
11
7
6
10
15
24
20
16
10
8
5
9
15
24
21
15
12
6
5
9
14
23
21
16
12
6
4
9
15
25
23
15
11
6
5
10
15
23
22
14
12
6
5
10
14
23
22
16
12
6
5
9
15
23
22
15
12
6
6
9
15
23
22
15
12
7
5
9
16
23
22
16
12
7
5
9
15
23
22
15
12
7
6
9
14
24
22
16
12
8
4
9
15
23
22
16
12
8
5
8
14
22
22
16
12
6
5
9
15
23
22
16
12
8
6
9
14
24
21
16
12
7
5
9
14
23
23
17
12
8
6
9
16
23
21
16
12
7
5
9
15
22
22
17
13
6
6
9
15
22
22
16
13
7
7
9
15
22
22
16
12
8
5
9
14
22
22
15
12
8
5
9
16
22
23
15
13
8
5
9
15
22
23
15
13
8
5
9
16
20
22
16
13
8
5
9
15
21
22
16
13
8
4
9
15
21
23
16
12
8
7
9
15
21
22
17
12
7
6
8
15
19
22
16
11
8
5
8
16
21
24
17
12
8
6
9
16
21
24
16
12
8
4
9
15
21
24
16
13
9
6
8
16
20
22
17
13
9
6
9
15
21
23
16
12
8
7
8
16
20
24
15
13
8
6
8
14
20
23
16
12
9
5
8
15
21
24
17
13
51
496
615
647
499
325
236
188
155
134
122
113
110
105
93
84
80
81
87
94
102
108
101
101
100
100
108
114
119
121
114
111
109
106
116
121
125
126
118
116
112
112
119
122
127
127
118
116
115
113
118
124
126
128
119
118
114
114
121
125
128
131
122
116
113
115
117
126
129
132
123
119
117
113
122
125
129
129
122
116
116
116
120
126
127
130
124
118
116
115
121
125
129
134
125
119
113
108
116
120
125
128
117
114
113
108
114
121
126
132
123
117
115
111
116
121
125
129
123
114
116
112
119
123
121
128
121
114
118
113
118
121
126
134
124
117
116
108
116
120
123
128
123
114
113
108
118
120
123
129
120
115
116
110
118
122
125
132
124
116
112
106
113
121
126
134
124
118
116
110
119
123
124
129
124
115
116
112
115
121
127
135
127
119
118
112
119
122
124
131
123
117
116
109
116
122
125
133
122
116
114
107
115
119
124
132
120
118
116
110
118
122
124
132
123
117
116
109
117
123
124
132
123
117
118
110
117
123
123
132
123
120
117
110
119
121
126
133
125
119
117
111
116
121
124
132
123
118
116
112
120
121
125
130
124
117
117
113
120
123
126
134
122
120
118
112
119
120
125
129
124
118
116
111
119
122
126
133
126
120
115
110
116
118
123
130
124
118
116
112
116
122
126
130
125
119
117
112
118
123
125
134
128
119
115
110
116
120
124
128
124
116
116
109
119
120
126
133
126
117
116
112
117
121
126
131
126
119
119
110
118
121
127
132
126
120
119
110
118
122
126
132
124
120
114
111
118
121
125
132
122
120
115
113
114
121
124
133
122
120
118
112
117
120
126
134
124
120
116
112
116
120
124
132
125
120
116
111
115
120
124
132
124
118
115
112
117
122
124
131
125
119
115
108
118
121
125
132
124
120
117
114
117
120
125
130
124
120
115
113
118
120
124
131
125
118
116
112
116
118
124
131
123
119
114
112
117
119
125
132
125
121
116
111
117
121
123
128
125
119
117
112
117
121
125
132
124
119
115
113
118
120
126
132
124
120
117
113
118
120
124
132
123
120
117
111
117
121
125
133
121
120
118
111
115
120
125
131
124
121
117
110
117
120
124
130
123
120
116
111
118
120
123
132
125
121
117
113
116
122
124
129
125
122
118
112
119
120
126
136
130
126
123
118
124
127
133
142
136
131
131
125
128
136
138
149
142
139
137
132
137
140
146
154
149
145
144
140
144
150
154
161
156
152
150
146
151
158
161
172
163
162
159
156
160
165
169
177
174
170
168
165
168
174
179
189
182
177
176
172
176
183
188
197
192
189
187
183
188
192
198
207
201
198
197
194
200
205
210
218
214
208
208
206
210
215
220
229
226
221
221
217
224
227
232
242
237
234
233
229
236
240
246
256
252
246
248
243
248
250
260
270
267
263
260
258
265
270
275
283
281
278
274
273
279
285
289
300
294
292
291
286
296
299
306
317
310
308
309
306
312
318
323
333
331
327
326
322
331
336
342
353
350
344
343
344
349
354
359
370
368
362
365
363
371
374
378
392
391
385
385
384
391
392
401
414
412
407
408
406
412
416
422
435
434
428
428
428
435
438
447
463
458
450
451
454
458
464
475
486
487
479
478
479
484
490
497
510
506
499
499
499
510
512
521
538
537
531
533
537
544
546
555
569
566
559
562
562
568
571
580
595
592
585
589
589
598
602
614
632
629
624
624
632
636
641
648
666
666
655
658
662
668
670
678
699
698
690
689
700
708
714
723
744
745
736
742
748
758
760
769
787
784
777
778
787
795
798
809
832
836
822
826
833
842
845
854
875
875
869
871
880
888
887
901
922
924
912
916
927
929
937
947
968
970
957
961
969
980
980
989
1012
1011
1003
1002
1014
1021
1020
1029
1052
1054
1043
1046
1056
1064
1064
1073
1096
1096
1084
1086
1095
1104
1098
1112
1136
1139
1123
1127
1139
1147
1150
1159
1186
1191
1178
1180
1190
1201
1201
1209
1234
1234
1227
1226
1241
1247
1245
1256
1270
1275
1264
1267
1279
1281
1282
1287
1303
1302
1297
1298
1305
1310
1306
1312
1322
1324
1318
1319
1321
1327
1330
1331
1342
1343
1336
1341
1343
1347
1345
1348
1358
1355
1352
1353
1357
1359
1358
1364
1369
1372
1368
1369
1369
1372
1368
1373
1381
1380
1378
1379
1383
1387
1382
1388
1393
1392
1392
1387
1395
1393
1394
1396
1400
1403
1398
1400
1403
1405
1405
1405
1412
1409
1410
1408
1411
1412
1413
1416
1419
1421
1416
1418
1421
1422
1422
1422
1431
1429
1427
1426
1430
1433
1429
1432
1436
1436
1434
1433
1439
1439
1436
1437
1445
1443
1442
1442
1447
1448
1447
1448
1453
1452
1451
1449
1452
1452
1451
1451
1455
1454
1450
1452
1454
1454
1450
1452
1459
1456
1454
1451
1455
1456
1454
1454
1457
1460
1453
1454
1458
1458
1455
1456
1460
1462
1456
1456
1456
1458
1454
1457
1461
1461
1458
1456
1460
1460
1457
1461
1463
1464
1458
1459
1460
1460
1460
1461
1464
1462
1461
1459
1461
1462
1460
1459
1463
1463
1459
1457
1460
1462
1460
1460
1464
1463
1461
1455
1461
1462
1461
1462
1464
1465
1461
1462
1462
1463
1461
1462
1465
1462
1461
1462
1462
1464
1461
1462
1464
1465
1460
1460
1463
1463
1459
1460
1467
1464
1460
1461
1462
1460
1461
1460
1465
1466
1461
1455
1458
1464
1460
1461
1464
1464
1461
1459
1461
1463
1459
1459
1462
1464
1459
1460
1462
1464
1460
1462
1462
1464
1460
1460
1462
1462
1460
1461
1464
1465
1462
1460
1462
1463
1462
1459
1466
1464
1462
1459
1464
1464
1460
1461
1466
1463
1459
1460
1458
1464
1460
1460
1465
1464
1459
1460
1462
1462
1460
1460
1463
1464
1460
1460
1461
1462
1460
1462
1463
1465
1460
1460
1463
1463
1461
1460
1465
1466
1462
1460
1464
1465
1461
1463
1465
1466
1462
1460
1463
1463
1462
1460
1466
1464
1462
1460
1462
1461
1462
1460
1465
1465
1461
1460
1463
1463
1463
1461
1465
1466
1459
1460
1461
1461
1461
1459
1466
1464
1462
1459
1462
1463
1461
1459
1464
1463
1461
1460
1462
1463
1459
1458
1465
1463
1458
1459
1461
1462
1461
1461
1464
1465
1461
1461
1463
1463
1462
1461
1466
1464
1462
1459
1462
1461
1461
1462
1465
1465
1459
1461
1462
1464
1462
1461
1464
1466
1462
1461
1462
1463
1461
1461
1466
1466
1460
1457
1461
1462
1460
1461
1463
1464
1461
1459
1462
1459
1459
1459
1464
1464
1460
1460
1461
1463
1461
1461
1464
1465
1462
1460
1461
1463
1460
1461
1465
1466
1461
1460
1464
1462
1462
1459
1464
1466
1462
1460
1461
1464
1463
1459
1464
1464
1461
1459
1461
1464
1458
1459
1465
1464
1461
1459
1461
1464
1460
1459
1464
1464
1461
1459
1460
1463
1461
1460
1464
1465
1462
1460
1462
1463
1463
1459
1464
1465
1462
1459
1463
1465
1461
1460
1463
1466
1463
1460
1463
1464
1463
1460
1465
1464
1462
1459
1462
1464
1459
1460
1465
1465
1461
1459
1463
1464
1461
1460
1464
1465
1462
1460
1461
1463
1463
1459
1464
1465
1461
1458
1462
1462
1463
1459
1463
1465
1463
1457
1460
1464
1461
1458
1463
1464
1458
1459
1463
1463
1461
1460
1463
1463
1460
1459
1465
1462
1462
1458
1463
1466
1457
1459
1461
1464
1461
1462
1463
1465
1463
1460
1462
1464
1459
1462
1463
1465
1462
1458
1461
1463
1461
1460
1464
1465
1463
1459
1459
1463
1460
1458
1461
1465
1461
1460
1461
1461
1461
1459
1462
1464
1460
1457
1461
1462
1462
1461
1462
1465
1462
1459
1461
1464
1462
1460
1464
1465
1462
1459
1462
1464
1462
1460
1463
1464
1460
1459
1462
1463
1460
1459
1460
1465
1462
1458
1461
1462
1459
1459
1464
1463
1462
1460
1462
1464
1457
1461
1460
1464
1460
1460
1461
1460
1460
1459
1461
1464
1462
1460
1462
1462
1460
1460
1464
1464
1463
1457
1461
1462
1459
1460
1463
1465
1461
1457
1462
1463
1461
1457
1463
1461
1461
1458
1461
1461
1462
1462
1464
1464
1462
1458
1461
1460
1461
1458
1460
1464
1459
1459
1462
1462
1459
1457
1461
1461
1459
1456
1460
1461
1458
1456
1458
1463
1458
1455
1455
1457
1456
1454
1457
1461
1456
1453
1456
1455
1455
1455
1455
1458
1454
1449
1454
1453
1452
1445
1449
1452
1447
1442
1447
1448
1446
1443
1446
1448
1444
1441
1443
1439
1440
1439
1441
1444
1439
1437
1439
1440
1439
1438
1437
1439
1435
1432
1432
1434
1433
1430
1434
1435
1431
1428
1430
1431
1431
1428
1429
1434
1430
1427
1427
1427
1428
1427
1431
1432
1429
1425
1429
1427
1431
1428
1429
1432
1432
1425
1427
1429
1429
1428
1431
1432
1430
1430
1431
1433
1433
1431
1434
1437
1434
1429
1433
1434
1434
1432
1433
1438
1436
1433
1435
1439
1437
1437
1440
1443
1441
1439
1441
1443
1440
1439
1444
1447
1443
1441
1443
1443
1444
1443
1446
1449
1445
1444
1445
1447
1446
1447
1449
1453
1448
1444
1449
1451
1450
1449
1453
1454
1451
1449
1449
1452
1451
1450
1454
1455
1453
1451
1449
1455
1451
1451
1453
1459
1454
1452
1453
1455
1456
1452
1456
1462
1454
1455
1456
1457
1457
1455
1457
1461
1456
1454
1455
1458
1457
1455
1456
1462
1456
1454
1457
1459
1459
1456
1457
1462
1460
1458
1457
1460
1458
1455
1459
1462
1459
1458
1458
1459
1457
1456
1458
1463
1460
1456
1459
1462
1458
1457
1459
1462
1459
1457
1455
1460
1459
1457
1459
1463
1462
1454
1459
1461
1459
1457
1460
1462
1461
1457
1459
1462
1460
1457
1461
1463
1460
1457
1460
1462
1460
1457
1462
1464
1461
1458
1460
1462
1461
1459
1460
1463
1461
1458
1461
1461
1460
1458
1462
1465
1462
1459
1460
1462
1461
1458
1461
1464
1462
1459
1460
1463
1461
1458
1460
1463
1461
1458
1459
1462
1461
1457
1459
1464
1461
1459
1459
1460
1460
1457
1462
1464
1461
1457
1459
1462
1463
1457
1458
1463
1461
1458
1460
1458
1460
1459
1462
1465
1462
1459
1462
1464
1460
1459
1463
1464
1462
1459
1460
1462
1460
1457
1461
1463
1461
1457
1460
1461
1459
1458
1460
1461
1460
1459
1459
1461
1459
1459
1460
1463
1461
1455
1459
1463
1459
1460
1461
1464
1462
1458
1459
1463
1461
1461
1462
1461
1461
1460
1457
1462
1463
1458
1461
1464
1461
1460
1461
1463
1463
1461
1462
1464
1462
1458
1460
1464
1462
1459
1461
1463
1459
1460
1461
1464
1462
1459
1461
1463
1464
1458
1460
1462
1459
1459
1461
1464
1462
1459
1461
1461
1463
1459
1460
1465
1464
1459
1461
1462
1460
1459
1462
1464
1463
1459
1459
1462
1462
1460
1460
1463
1459
1460
1461
1464
1463
1462
1463
1466
1463
1458
1459
1464
1463
1459
1460
1465
1461
1460
1459
1460
1460
1458
1462
1463
1462
1458
1459
1462
1462
1459
1460
1466
1462
1460
1461
1461
1463
1459
1463
1465
1465
1460
1460
1463
1460
1460
1462
1463
1464
1458
1460
1461
1459
1457
1460
1465
1462
1460
1458
1462
1462
1458
1461
1464
1463
1460
1460
1462
1463
1461
1462
1465
1464
1460
1462
1464
1462
1459
1460
1464
1463
1458
1460
1459
1460
1460
1459
1462
1463
1459
1461
1462
1461
1459
1460
1466
1462
1460
1459
1461
1462
1459
1460
1464
1462
1460
1459
1463
1461
1461
1461
1464
1464
1457
1461
1459
1462
1460
1460
1465
1460
1459
1461
1463
1461
1459
1461
1465
1464
1460
1461
1465
1461
1461
1461
1465
1463
1459
1459
1460
1460
1459
1459
1464
1462
1459
1459
1460
1462
1456
1460
1463
1463
1460
1458
1458
1462
1458
1460
1464
1463
1455
1459
1462
1462
1459
1457
1464
1463
1461
1459
1462
1461
1459
1461
1464
1461
1460
1459
1462
1461
1459
1460
1464
1460
1459
1460
1461
1460
1461
1460
1465
1462
1458
1458
1462
1462
1459
1459
1464
1463
1459
1459
1462
1461
1458
1458
1463
1463
1459
1459
1464
1462
1459
1461
1465
1465
1459
1460
1462
1462
1459
1457
1464
1463
1455
1460
1462
1461
1460
1460
1466
1464
1461
1459
1462
1463
1460
1461
1464
1464
1459
1460
1464
1462
1460
1460
1464
1461
1462
1460
1464
1462
1459
1461
1465
1464
1460
1460
1461
1462
1459
1461
1461
1463
1460
1458
1463
1462
1459
1459
1466
1464
1460
1459
1464
1462
1461
1461
1464
1464
1459
1462
1463
1462
1458
1459
1463
1463
1459
1459
1462
1462
1459
1460
1464
1463
1459
1459
1462
1459
1460
1459
1464
1465
1457
1459
1462
1462
1459
1458
1465
1464
1459
1459
1461
1462
1461
1459
1464
1464
1460
1462
1463
1463
1460
1461
1464
1465
1462
1459
1463
1463
1461
1461
1465
1464
1461
1460
1462
1462
1459
1458
1465
1463
1461
1460
1462
1464
1460
1462
1464
1466
1460
1459
1462
1461
1460
1457
1465
1464
1460
1460
1460
1464
1459
1460
1464
1461
1459
1459
1461
1461
1458
1459
1464
1461
1460
1458
1462
1461
1459
1460
1464
1464
1459
1459
1459
1463
1461
1459
1465
1464
1460
1459
1464
1462
1461
1460
1464
1464
1460
1460
1462
1460
1459
1459
1464
1462
1455
1458
1462
1462
1460
1461
1465
1466
1462
1459
1462
1463
1459
1459
1464
1462
1458
1457
1463
1461
1459
1458
1464
1463
1460
1459
1461
1463
1459
1459
1463
1463
1459
1458
1459
1461
1460
1459
1463
1463
1460
1460
1460
1461
1459
1459
1464
1463
1459
1459
1461
1462
1461
1459
1460
1464
1460
1459
1461
1462
1458
1457
1464
1463
1461
1457
1460
1461
1458
1458
1464
1460
1460
1458
1462
1465
1460
1461
1467
1466
1458
1459
1462
1462
1460
1461
1464
1465
1457
1459
1462
1463
1459
1460
1463
1463
1461
1459
1456
1462
1460
1459
1464
1465
1461
1459
1461
1462
1462
1460
1464
1464
1460
1459
1461
1463
1459
1458
1464
1464
1459
1458
1457
1461
1460
1461
1464
1465
1462
1459
1460
1461
1460
1460
1465
1463
1460
1459
1462
1462
1459
1459
1464
1462
1459
1459
1460
1461
1459
1455
1462
1463
1460
1458
1460
1461
1459
1458
1463
1463
1460
1458
1460
1461
1460
1460
1462
1460
1460
1456
1462
1462
1460
1458
1464
1463
1460
1459
1461
1463
1460
1461
1464
1465
1461
1460
1462
1464
1461
1459
1463
1464
1460
1459
1461
1461
1458
1459
1463
1462
1459
1455
1462
1462
1460
1458
1462
1463
1458
1459
1460
1463
1462
1459
1464
1462
1461
1459
1460
1462
1461
1459
1462
1461
1460
1459
1460
1461
1459
1460
1464
1463
1459
1456
1461
1462
1456
1458
1462
1461
1459
1458
1461
1463
1459
1459
1465
1465
1460
1460
1461
1463
1459
1460
1463
1464
1461
1459
1462
1463
1459
1459
1462
1464
1459
1457
1460
1461
1460
1460
1464
1464
1461
1459
1462
1462
1459
1459
1463
1465
1460
1458
1461
1463
1460
1459
1462
1464
1459
1459
1460
1462
1459
1457
1463
1464
1461
1458
1460
1462
1459
1459
1463
1460
1462
1458
1461
1462
1460
1460
1462
1467
1461
1459
1462
1462
1459
1457
1461
1462
1459
1458
1462
1462
1460
1456
1463
1464
1461
1458
1460
1461
1458
1461
1464
1465
1462
1460
1461
1463
1457
1459
1462
1464
1459
1458
1461
1461
1461
1459
1462
1464
1463
1459
1460
1461
1458
1460
1462
1464
1461
1456
1462
1462
1462
1462
1464
1465
1460
1459
1462
1460
1460
1459
1462
1464
1459
1457
1460
1462
1459
1459
1463
1463
1462
1457
1462
1461
1461
1460
1463
1464
1461
1459
1460
1462
1459
1459
1461
1465
1461
1457
1460
1462
1460
1459
1464
1466
1460
1459
1462
1462
1460
1459
1460
1463
1460
1457
1460
1461
1459
1459
1462
1464
1462
1459
1462
1461
1460
1457
